{
  "advancedEditorSelectedIdentifier" : "ProjectBrowser",
  "openSceneRelativePaths" : [
    "Immersive.usda",
    "SphereC.usda",
    "Materials\/New Folder 1\/New Folder\/GridMaterial.usda"
  ],
  "recentIdentifiers" : {
    "19262C7E-CFEA-45A4-9405-2FED53C37658" : [

    ],
    "7662A9E4-D333-4959-88A5-5FC39A7FEDE3" : [

    ],
    "AF09ED6F-1707-48FD-8720-65B998362C09" : [

    ],
    "BBC0F6A6-23CE-451C-82E8-560E9C6F98D1" : [

    ]
  },
  "sceneCameraHistory" : {
    "19262C7E-CFEA-45A4-9405-2FED53C37658" : [
      {
        "date" : 768921799.92386,
        "title" : "Untitled",
        "transform" : [
          1,
          0,
          -0,
          0,
          -0,
          0.7071069,
          -0.7071067,
          0,
          0,
          0.7071067,
          0.7071069,
          0,
          4.656613e-10,
          0.19181822,
          0.1918183,
          1
        ]
      },
      {
        "date" : 768921798.369155,
        "title" : "Untitled",
        "transform" : [
          1,
          0,
          -0,
          0,
          -0,
          0.7071069,
          -0.7071067,
          0,
          0,
          0.7071067,
          0.7071069,
          0,
          4.656613e-10,
          0.19181822,
          0.19181831,
          1
        ]
      },
      {
        "date" : 767468772.827884,
        "title" : "Untitled",
        "transform" : [
          1,
          0,
          -0,
          0,
          -0,
          0.7071069,
          -0.7071067,
          0,
          0,
          0.7071067,
          0.7071069,
          0,
          4.656613e-10,
          0.19042541,
          0.19042544,
          1
        ]
      },
      {
        "date" : 767468752.152608,
        "title" : "Untitled",
        "transform" : [
          1,
          0,
          0,
          0,
          0,
          0.7071069,
          -0.70710677,
          0,
          0,
          0.70710677,
          0.7071069,
          0,
          0,
          0.1975891,
          0.19792582,
          1
        ]
      },
      {
        "date" : 767468738.105668,
        "title" : "Untitled",
        "transform" : [
          1,
          0,
          0,
          0,
          0,
          0.7071069,
          -0.70710677,
          0,
          0,
          0.70710677,
          0.7071069,
          0,
          0,
          0.20803148,
          0.208386,
          1
        ]
      },
      {
        "date" : 767468732.413921,
        "title" : "Untitled",
        "transform" : [
          1,
          0,
          0,
          0,
          0,
          0.7071069,
          -0.70710677,
          0,
          0,
          0.70710677,
          0.7071069,
          0,
          0,
          1.1688013,
          1.1689458,
          1
        ]
      }
    ],
    "7662A9E4-D333-4959-88A5-5FC39A7FEDE3" : [
      {
        "date" : 767468610.949449,
        "title" : "Untitled",
        "transform" : [
          0.9999469,
          7.805212e-11,
          -0.010299497,
          0,
          -0.005156595,
          0.8656413,
          -0.50063807,
          0,
          0.008915671,
          0.50066465,
          0.8655954,
          0,
          0.0021163947,
          0.11388354,
          0.23610578,
          1
        ]
      },
      {
        "date" : 767468568.856936,
        "title" : "Untitled",
        "transform" : [
          0.9999469,
          -1.6333396e-10,
          -0.010299498,
          0,
          -0.005156595,
          0.8656413,
          -0.50063807,
          0,
          0.008915672,
          0.50066465,
          0.8655954,
          0,
          0.0026600133,
          0.14919297,
          0.25825253,
          1
        ]
      },
      {
        "date" : 767468559.734366,
        "title" : "Untitled",
        "transform" : [
          0.99994695,
          0,
          -0.0102995,
          0,
          -0.0072828457,
          0.7071069,
          -0.7070692,
          0,
          0.0072828475,
          0.7071067,
          0.7070694,
          0,
          0.0018478415,
          0.17941096,
          0.17940152,
          1
        ]
      },
      {
        "date" : 767468520.580813,
        "title" : "Untitled",
        "transform" : [
          1,
          0,
          -0,
          0,
          -0,
          0.7071069,
          -0.7071067,
          0,
          0,
          0.7071067,
          0.7071069,
          0,
          -2.423628e-09,
          0.19042543,
          0.19042549,
          1
        ]
      },
      {
        "date" : 767468512.34337,
        "title" : "Untitled",
        "transform" : [
          1,
          0,
          0,
          0,
          0,
          0.7071069,
          -0.7071067,
          0,
          0,
          0.7071067,
          0.7071069,
          0,
          6.889598e-09,
          0.17608759,
          0.17662749,
          1
        ]
      },
      {
        "date" : 767468498.332522,
        "title" : "Untitled",
        "transform" : [
          1,
          0,
          0,
          0,
          0,
          0.7071069,
          -0.7071067,
          0,
          0,
          0.7071067,
          0.7071069,
          0,
          5.1046487e-09,
          0.13046703,
          0.13086705,
          1
        ]
      },
      {
        "date" : 767468488.916343,
        "title" : "Untitled",
        "transform" : [
          1,
          0,
          -0,
          0,
          -0,
          0.7071069,
          -0.7071067,
          0,
          0,
          0.7071067,
          0.7071069,
          0,
          3.7252903e-09,
          0.09521273,
          0.09561275,
          1
        ]
      },
      {
        "date" : 767468459.745613,
        "title" : "Untitled",
        "transform" : [
          1,
          0,
          0,
          0,
          0,
          0.7071069,
          -0.70710677,
          0,
          0,
          0.70710677,
          0.7071069,
          0,
          0,
          0.13335639,
          0.13364641,
          1
        ]
      },
      {
        "date" : 767468418.885124,
        "title" : "Untitled",
        "transform" : [
          1,
          0,
          0,
          0,
          0,
          0.7071069,
          -0.70710677,
          0,
          0,
          0.70710677,
          0.7071069,
          0,
          0,
          0.48490876,
          0.4849088,
          1
        ]
      }
    ],
    "AF09ED6F-1707-48FD-8720-65B998362C09" : [
      {
        "date" : 768921902.35054,
        "title" : "Untitled",
        "transform" : [
          0.8828146,
          5.709148e-08,
          0.46972162,
          0,
          0.23129608,
          0.87036276,
          -0.4347077,
          0,
          -0.4088282,
          0.49241108,
          0.7683689,
          0,
          0.39100286,
          1.5764611,
          -1.3342621,
          1
        ]
      },
      {
        "date" : 768921897.802701,
        "title" : "Untitled",
        "transform" : [
          0.8828146,
          5.709148e-08,
          0.46972162,
          0,
          0.23129608,
          0.87036276,
          -0.4347077,
          0,
          -0.4088282,
          0.49241108,
          0.7683689,
          0,
          -0.10418706,
          1.9238355,
          -0.5812904,
          1
        ]
      },
      {
        "date" : 768921866.515852,
        "title" : "Untitled",
        "transform" : [
          0.88281465,
          6.4061005e-08,
          0.46972162,
          0,
          0.23154907,
          0.8700579,
          -0.4351832,
          0,
          -0.40868503,
          0.49294966,
          0.7680998,
          0,
          0.37137908,
          1.6148218,
          -1.3643279,
          1
        ]
      },
      {
        "date" : 768921863.057375,
        "title" : "Untitled",
        "transform" : [
          0.88281465,
          6.4061005e-08,
          0.46972162,
          0,
          0.23154907,
          0.8700579,
          -0.4351832,
          0,
          -0.40868503,
          0.49294966,
          0.7680998,
          0,
          0.37820244,
          1.6065916,
          -1.377152,
          1
        ]
      },
      {
        "date" : 768921835.901204,
        "title" : "Untitled",
        "transform" : [
          0.9067971,
          6.4061e-08,
          0.42156717,
          0,
          0.20781137,
          0.8700579,
          -0.4470054,
          0,
          -0.3667879,
          0.49294966,
          0.788966,
          0,
          0.45019352,
          1.5551015,
          -1.376368,
          1
        ]
      },
      {
        "date" : 768921823.547777,
        "title" : "Untitled",
        "transform" : [
          0.90679723,
          4.3275993e-08,
          0.42156723,
          0,
          0.20781137,
          0.8700579,
          -0.44700533,
          0,
          -0.3667879,
          0.49294963,
          0.788966,
          0,
          -0.52608603,
          1.5956913,
          -1.283716,
          1
        ]
      },
      {
        "date" : 768921807.225057,
        "title" : "Untitled",
        "transform" : [
          0.9510996,
          4.3285876e-08,
          0.30888462,
          0,
          0.15271649,
          0.86922723,
          -0.47023588,
          0,
          -0.2684909,
          0.4944129,
          0.8267216,
          0,
          -0.33886716,
          1.841604,
          -0.75822353,
          1
        ]
      },
      {
        "date" : 768921776.042425,
        "title" : "Untitled",
        "transform" : [
          0.9510996,
          4.3285876e-08,
          0.30888462,
          0,
          0.15271649,
          0.86922723,
          -0.47023588,
          0,
          -0.2684909,
          0.4944129,
          0.8267216,
          0,
          0.429692,
          1.6104941,
          -1.2504519,
          1
        ]
      },
      {
        "date" : 768921770.101708,
        "title" : "Untitled",
        "transform" : [
          0.9510996,
          5.0736457e-08,
          0.30888462,
          0,
          0.15271647,
          0.86922723,
          -0.47023588,
          0,
          -0.2684909,
          0.4944129,
          0.8267216,
          0,
          -0.3388671,
          1.8416039,
          -0.75822353,
          1
        ]
      },
      {
        "date" : 768921758.343641,
        "title" : "Untitled",
        "transform" : [
          0.9510996,
          4.3209514e-08,
          0.3088846,
          0,
          0.15271647,
          0.86922723,
          -0.47023588,
          0,
          -0.26849088,
          0.4944129,
          0.8267216,
          0,
          -0.6348582,
          1.6558555,
          -0.9941079,
          1
        ]
      }
    ],
    "BBC0F6A6-23CE-451C-82E8-560E9C6F98D1" : [
      {
        "date" : 767468716.988668,
        "title" : "Untitled",
        "transform" : [
          0.99999636,
          -3.3001338e-10,
          0.0026702844,
          0,
          0.0013370846,
          0.86560506,
          -0.5007255,
          0,
          -0.0023114113,
          0.5007273,
          0.86560196,
          0,
          -0.00054822635,
          0.11420996,
          0.23594238,
          1
        ]
      },
      {
        "date" : 767468710.880346,
        "title" : "Untitled",
        "transform" : [
          0.9999964,
          -2.5315294e-10,
          0.0026702844,
          0,
          0.0013370847,
          0.865605,
          -0.50072557,
          0,
          -0.0023114113,
          0.50072736,
          0.8656019,
          0,
          -0.0005482406,
          0.11420997,
          0.23594235,
          1
        ]
      },
      {
        "date" : 767468641.528285,
        "title" : "Untitled",
        "transform" : [
          0.9999964,
          -1.7629251e-10,
          0.0026702844,
          0,
          0.0013370847,
          0.865605,
          -0.5007256,
          0,
          -0.0023114113,
          0.5007274,
          0.8656019,
          0,
          -0.00054822164,
          0.114210024,
          0.2359424,
          1
        ]
      },
      {
        "date" : 767468630.5484,
        "title" : "Untitled",
        "transform" : [
          0.9999964,
          -1.5763973e-10,
          0.0026702844,
          0,
          0.0013370849,
          0.865605,
          -0.5007257,
          0,
          -0.0023114113,
          0.5007275,
          0.8656019,
          0,
          -0.0006978819,
          0.14538556,
          0.30136517,
          1
        ]
      },
      {
        "date" : 767468477.692028,
        "title" : "Untitled",
        "transform" : [
          0.9999964,
          -1.5763973e-10,
          0.0026702844,
          0,
          0.0013370849,
          0.865605,
          -0.5007257,
          0,
          -0.0023114113,
          0.5007275,
          0.8656019,
          0,
          -0.0002741163,
          0.05710501,
          0.118371174,
          1
        ]
      },
      {
        "date" : 767468352.620324,
        "title" : "Untitled",
        "transform" : [
          0.99999636,
          0,
          0.0026702844,
          0,
          0.001337085,
          0.86560494,
          -0.50072575,
          0,
          -0.0023114115,
          0.50072753,
          0.86560184,
          0,
          -0.0003839334,
          0.06968029,
          0.14418064,
          1
        ]
      },
      {
        "date" : 767468330.344739,
        "title" : "Untitled",
        "transform" : [
          0.99999994,
          0,
          -0,
          0,
          -0,
          0.86560494,
          -0.50072753,
          0,
          0,
          0.50072753,
          0.86560494,
          0,
          2.607949e-09,
          0.05715768,
          0.11834149,
          1
        ]
      },
      {
        "date" : 767468308.15863,
        "title" : "Untitled",
        "transform" : [
          1,
          0,
          0,
          0,
          0,
          0.86560494,
          -0.50072753,
          0,
          0,
          0.50072753,
          0.86560494,
          0,
          -1.1173413e-09,
          0.1289322,
          0.22347768,
          1
        ]
      },
      {
        "date" : 767468304.013057,
        "title" : "Untitled",
        "transform" : [
          1,
          0,
          0,
          0,
          0,
          0.7071069,
          -0.7071067,
          0,
          0,
          0.7071067,
          0.7071069,
          0,
          5.697777e-09,
          0.07281326,
          0.07321324,
          1
        ]
      },
      {
        "date" : 767468298.102649,
        "title" : "Untitled",
        "transform" : [
          1,
          0,
          -0,
          0,
          -0,
          0.7071069,
          -0.7071067,
          0,
          0,
          0.7071067,
          0.7071069,
          0,
          7.450581e-09,
          0.09521276,
          0.095612735,
          1
        ]
      }
    ],
    "E53ED6D7-1046-411F-90D7-C948A35C752C" : [
      {
        "date" : 767454528.459241,
        "title" : "Untitled",
        "transform" : [
          1,
          0,
          0,
          0,
          0,
          0.7071069,
          -0.70710677,
          0,
          0,
          0.70710677,
          0.7071069,
          0,
          0.082793415,
          1.3173003,
          1.087512,
          1
        ]
      },
      {
        "date" : 767454524.114025,
        "title" : "Untitled",
        "transform" : [
          1,
          0,
          0,
          0,
          0,
          0.7071069,
          -0.70710677,
          0,
          0,
          0.70710677,
          0.7071069,
          0,
          -0.19671309,
          1.594065,
          2.0635154,
          1
        ]
      }
    ]
  },
  "sceneViewportBackgroundColors" : {

  },
  "selectedSceneRelativePath" : "Immersive.usda"
}